4,30
4,2
4,3
6,4
6,5
6,1
6,6
6,2
6,3
7,10
7,12
7,4
7,6
7,9
7,1
7,5
7,2
7,3
5,4
5,2
5,1
5,3
3,2
3,1
3,3
10,2
10,1
10,3
11,2
11,1
259,4
259,3
259,2
11,3
259,1
259,0
258,5
258,4
258,3
258,2
258,1
9,2
258,0
9,1
257,4
257,3
257,2
9,3
257,1
257,0
256,4
256,3
256,2
8,2
8,1
256,1
256,0
255,10
8,3
255,9
255,8
255,7
255,6
255,5
255,4
255,3
255,2
255,1
255,0
253,7
253,6
253,5
253,4
253,3
253,2
253,1
253,0
206,3
206,1
205,4
205,3
205,1
204,5
204,4
204,3
204,1
204,0
203,5
203,4
203,3
203,2
203,1
203,0
202,5
202,4
202,3
202,2
202,1
20,2
202,0
201,4
20,1
201,3
201,2
20,3
201,1
0,316
198,102
198,94
198,93
19,2
198,91
19,1
198,90
19,3
198,88
198,1
198,85
196,97
196,96
196,95
196,94
196,93
196,92
196,91
196,90
196,89
196,1
196,88
196,87
196,86
196,85
196,84
196,83
